Model: Linear_2L_imputed
Formula: S2_Fatigue_Mean_z ~ 1 + Workload_WP_z + Leisure_WP_z + Sleep_WP_z + Workload_BP_z + Leisure_BP_z + Sleep_BP_z + Trait_Fatigue_z + day_number_z + is_weekend + (1 | Participant_No)
Total draws (pooled): 20000

                          mean     sd eti89_lb eti89_ub  ess_bulk  ess_tail r_hat mcse_mean mcse_sd
sigma                    0.663  0.051     0.59     0.75       735      3339  1.03    0.0019  0.0014
Intercept               -0.017  0.135    -0.23      0.2      7740      9919  1.01    0.0015  0.0012
Workload_WP_z            0.246   0.07     0.13     0.35       209       393  1.12    0.0048  0.0034
Leisure_WP_z             -0.07  0.074    -0.19    0.053       208       408  1.12    0.0052  0.0038
Sleep_WP_z               -0.07  0.076    -0.19    0.052       149       276  1.18    0.0063  0.0045
Workload_BP_z             0.41   0.13     0.21      0.6       321       383  1.08    0.0072  0.0058
Leisure_BP_z             -0.16   0.15     -0.4    0.082       383      1038  1.06    0.0078   0.006
Sleep_BP_z               -0.14   0.15    -0.37    0.097       357       839  1.07    0.0078   0.006
Trait_Fatigue_z          0.038  0.125    -0.16     0.23       829      1459  1.04    0.0043  0.0034
day_number_z            -0.064  0.081    -0.19    0.064       861      1583  1.03    0.0028   0.002
is_weekend               0.047  0.168    -0.23     0.31      1317      3452  1.02    0.0046  0.0033
1|Participant_No_sigma     0.5   0.15     0.29     0.75       249       672  1.10    0.0092  0.0082
1|Participant_No[P001]   -0.34   0.32    -0.85     0.15      1073      2551  1.03    0.0097  0.0078
1|Participant_No[P002]    0.37   0.37     -0.2     0.99      1649      4808  1.02    0.0094  0.0071
1|Participant_No[P003]   -0.37   0.29    -0.85    0.085       284       823  1.09     0.017   0.013
1|Participant_No[P004]       0   0.36    -0.57     0.57      2112      3218  1.02    0.0079  0.0063
1|Participant_No[P005]    -0.5   0.26    -0.91   -0.092       641      2105  1.04      0.01  0.0076
1|Participant_No[P006]    0.34   0.31    -0.13     0.85       420       798  1.06     0.015   0.011
1|Participant_No[P007]  -0.023  0.378    -0.63     0.58      7810     12738  1.01    0.0044  0.0034
1|Participant_No[P008]    0.17   0.39    -0.43      0.8      1027      2054  1.03     0.012    0.01
1|Participant_No[P009]   -0.01   0.29    -0.46     0.46      1133      3293  1.02    0.0086  0.0066
1|Participant_No[P010]    -0.4   0.43     -1.1     0.24      4616      8592  1.01    0.0068  0.0054
1|Participant_No[P011]   -0.25   0.28    -0.71     0.17       728      1664  1.04      0.01  0.0077
1|Participant_No[P012]   -0.11   0.36    -0.67     0.46      1294      4363  1.03    0.0098  0.0076
1|Participant_No[P013]   -0.38   0.48     -1.2     0.32       220       451  1.12     0.033   0.027
1|Participant_No[P014]    0.36   0.39    -0.23        1       557      1066  1.04     0.017   0.013
1|Participant_No[P015]   -0.27   0.33    -0.82     0.24       527      1199  1.05     0.015   0.011
1|Participant_No[P017]    0.07   0.29    -0.39     0.53      1652      7762  1.02    0.0071  0.0054
1|Participant_No[P018]    0.21   0.45    -0.46     0.96       278       515  1.09     0.027   0.022
1|Participant_No[P019]   -0.18   0.37    -0.79      0.4       423      1326  1.06     0.018   0.014
1|Participant_No[P020]    0.58   0.36    0.033      1.2       275       686  1.09     0.022   0.016
1|Participant_No[P021]   -0.09  0.279    -0.54     0.35      2429      5446  1.01    0.0057  0.0044
1|Participant_No[P022]    0.79   0.45     0.12      1.5      1402      4956  1.02     0.012  0.0094
1|Participant_No[P023]   -0.27   0.38    -0.89     0.32       234       441  1.11     0.025    0.02
1|Participant_No[P024]   -0.12   0.44    -0.82     0.56      2730      6790  1.01    0.0083  0.0067
1|Participant_No[P025]    0.06   0.36     -0.5     0.64      1499      2455  1.02    0.0094  0.0078
1|Participant_No[P026]   -0.04   0.36    -0.62     0.54      1822      5874  1.02    0.0085  0.0066
1|Participant_No[P027]    0.41   0.32   -0.076     0.92       476      1373  1.05     0.015   0.011