Model: Linear_2L_original
Formula: S2_Fatigue_Mean_z ~ 1 + Workload_WP_z + Leisure_WP_z + Sleep_WP_z + Workload_BP_z + Leisure_BP_z + Sleep_BP_z + Trait_Fatigue_z + day_number_z + is_weekend + (1 | Participant_No)
Total draws (pooled): 2000

                          mean     sd eti89_lb eti89_ub  ess_bulk  ess_tail r_hat mcse_mean mcse_sd
sigma                    0.601  0.065     0.51     0.71       751       734  1.00    0.0025  0.0019
Intercept                -0.22  0.164    -0.46    0.042      1000      1178  1.00    0.0052  0.0042
Workload_WP_z            0.159  0.078    0.037     0.28      2051      1555  1.00    0.0017  0.0013
Leisure_WP_z            -0.063  0.084    -0.19    0.071      1930      1596  1.00    0.0019  0.0015
Sleep_WP_z              -0.069  0.075    -0.19    0.052      2647      1246  1.00    0.0015  0.0011
Workload_BP_z             0.43  0.147      0.2     0.66      1077      1218  1.00    0.0045  0.0038
Leisure_BP_z             -0.17  0.171    -0.44      0.1       878      1247  1.00    0.0058  0.0044
Sleep_BP_z                -0.2   0.17    -0.47    0.067      1091      1014  1.00    0.0051  0.0039
Trait_Fatigue_z          0.048  0.159     -0.2      0.3      1204       942  1.00    0.0046  0.0036
day_number_z            -0.145  0.102    -0.31    0.018      1441      1435  1.00    0.0027   0.002
is_weekend               0.288  0.189   -0.014     0.59      1907      1282  1.00    0.0043  0.0031
1|Participant_No_sigma    0.56   0.18     0.32     0.86       395       463  1.00    0.0091  0.0092
1|Participant_No[P001]   -0.25   0.37    -0.85     0.31      1113      1204  1.00     0.011  0.0091
1|Participant_No[P002]    0.57    0.4   -0.063      1.2       989       811  1.00     0.013  0.0089
1|Participant_No[P003]   -0.32   0.31    -0.83     0.13      1425      1355  1.00     0.008  0.0058
1|Participant_No[P004]    0.22   0.41    -0.43     0.86      1408      1284  1.00     0.011  0.0088
1|Participant_No[P005]   -0.48   0.28    -0.93   -0.039       878       784  1.00    0.0094  0.0073
1|Participant_No[P006]    0.62   0.37    0.059      1.3       847       613  1.00     0.013  0.0093
1|Participant_No[P007]   -0.01   0.41    -0.68     0.64      1749      1444  1.00    0.0099  0.0081
1|Participant_No[P008]   -0.13   0.47    -0.92      0.6      1465      1579  1.00     0.012    0.01
1|Participant_No[P009]    0.09   0.33    -0.43     0.62      1825      1618  1.00    0.0076  0.0056
1|Participant_No[P010]   -0.41   0.45     -1.2     0.24      1563      1466  1.00     0.011  0.0082
1|Participant_No[P011]   -0.23    0.3    -0.73     0.22      1266      1400  1.00    0.0083  0.0065
1|Participant_No[P012]   -0.55   0.45     -1.3    0.091      1201      1436  1.00     0.013   0.011
1|Participant_No[P014]   -0.22   0.47    -0.99      0.5      2029      1372  1.00     0.011  0.0083
1|Participant_No[P015]   -0.21   0.37    -0.83     0.34      1816      1203  1.00    0.0086  0.0067
1|Participant_No[P017]   -0.16   0.38    -0.79     0.43      1773      1386  1.00    0.0092  0.0069
1|Participant_No[P019]    -0.1   0.43    -0.81     0.57      2597      1521  1.00    0.0085  0.0067
1|Participant_No[P020]    0.68   0.44     0.03      1.4       789       834  1.00     0.015   0.011
1|Participant_No[P021]   -0.12   0.31    -0.62     0.37      1166      1382  1.00     0.009  0.0071
1|Participant_No[P022]    0.87   0.53    0.092      1.8       785       631  1.00     0.019   0.015
1|Participant_No[P025]   -0.07    0.4    -0.71     0.54       709      1334  1.01     0.015   0.013
1|Participant_No[P026]    0.02    0.4    -0.59     0.67      1524      1284  1.00      0.01  0.0081
1|Participant_No[P027]     0.3   0.33     -0.2     0.83      1375      1099  1.00     0.009  0.0084